488
489
688
748
228
460
141
430
553
895
196
165
523
582
736
194
628
726
755
709
874
664
486
545
811
364
4
91
272
587
678
706
555
586
615
718
851
881
612
198
887
435
257
680
317
170
858
157
577
6
36
515
426
751
453
660
362
181
480
286
556
707
524
584
254
585
613
853
75
611
737
740
472
16
11
72
38
784
246
754
546
156
812
782
632
452
392
450
657
617
554
550
137
621
253
168
167
197
494
284
798
205
592
100
791
20
559
875
604
694
186
724
634
124
602
34
302
511
330
597
255
227
852
226
549
825
854
195
143
352
448
860
204
101
159
404
888
349
217
844
276
35
456
842
780
542
31
1
270
567
405
623
224
884
134
794
855
474
265
741
781
496
821
130
735
674
251
416
96
547
438
216
455
424
363
631
451
570
240
325
110
622
138
293
193
222
78
444
477
388
94
337
864
263
684
76
704
687
410
125
95
5
275
365
423
721
212
510
360
169
885
766
614
882
142
824
459
837
59
328
425
889
385
520
219
462
279
51
322
516
574
693
514
841
691
333
300
200
289
658
645
655
644
883
171
595
796
475
749
148
185
288
415
886
521
432
249
596
468
575
366
633
335
274
63
33
150
738
467
526
535
504
136
341
827
46
581
112
384
298
814
627
894
374
111
865
107
250
777
620
306
184
544
334
93
332
361
30
436
375
808
313
370
233
344
166
778
857
464
568
702
316
291
490
295
348
505
428
715
866
155
336
123
722
303
261
541
630
232
202
744
564
434
248
49
534
656
685
400
598
665
73
816
804
807
17
703
648
579
173
870
872
154
543
482
890
182
180
230
495
822
339
610
401
805
594
160
763
164
113
407
305
187
427
50
580
79
398
280
836
810
64
720
573
241
152
512
601
285
234
793
278
340
431
492
282
161
747
441
898
183
259
66
397
399
734
131
77
649
679
395
692
662
483
481
121
290
120
301
287
764
369
775
371
310
281
312
779
449
689
753
408
666
457
677
283
774
308
566
752
484
65
871
661
92
540
390
122
571
437
838
80
429
139
518
311
433
536
21
899
846
378
67
608
218
402
716
190
776
783
663
454
393
304
273
211
242
231
60
0
307
82
625
376
258
578
191
745
619
18
52
292
847
260
618
106
565
162
839
485
843
750
215
243
3
331
151
391
271
600
469
470
381
188
213
563
519
651
640
609
368
828
785
351
323
343
109
461
746
558
394
723
603
244
513
62
61
90
420
210
354
788
786
639
517
686
809
294
347
383
646
717
158
859
367
491
654
189
414
548
19
32
690
153
422
2
446
421
315
527
264
83
129
589
214
834
643
102
103
650
714
235
638
396
487
256
835
132
896
762
372
346
320
476
262
572
229
497
557
708
826
104
135
252
223
583
823
867
642
850
792
507
68
97
247
533
522
221
277
675
676
245
768
528
319
439
321
466
406
324
765
493
795
856
806
641
500
56
599
593
551
314
380
126
653
225
140
163
868
309
733
605
845
606
695
681
840
377
616
345
552
47
624
338
382
471
832
389
539
413
105
797
318
440
498
373
353
652
119
673
705
635
815
876
710
799
607
880
465
767
133
220
463
897
296
87
329
479
569
118
739
299
562
443
48
403
499
70
759
98
682
725
696
37
701
268
848
891
473
525
647
458
588
802
145
237
659
419
117
267
297
116
25
201
81
172
742
713
670
877
7
411
636
817
829
418
358
350
409
199
192
626
529
359
447
147
327
57
176
863
84
801
42
831
203
769
379
818
699
669
9
672
637
671
820
761
772
538
683
355
342
869
561
269
591
266
86
85
206
22
175
590
803
502
537
730
711
174
819
10
700
728
668
39
326
830
442
787
88
445
873
743
179
239
24
530
357
501
770
790
53
15
719
26
14
833
531
8
757
69
99
878
729
879
45
861
89
356
478
503
386
44
387
629
28
43
114
13
12
55
893
146
177
849
771
800
560
712
727
667
128
697
892
412
208
698
58
29
508
813
758
54
417
209
509
532
760
862
23
27
207
236
115
773
789
40
71
731
127
732
108
506
74
144
238
41
178
149
756
576
